$ANSIBLE_VAULT;1.1;AES256
33663533396163386135333162316538636134356365613234376433386130393464656365623637
3963626430393463346238373461656238336138393431330a383838386536663337303232333034
35383062353464616265656132343066386431646665666238633736666234633866316564376434
3836653032663237300a343539363664643766336135636533626566653135366662626337396536
38303638313738663131636631636166333565393263366662346463633036626363323234303966
37363539616261303836633934316461386239396466356466333239613566386662323466616631
32383331626562333733383861656462633666626462653362333739313865396363643530663064
33656162626630633836326264646265636638393530396163356537316537376539663638356431
64333832323033353038313634343332313833616531346131653639393266313934373931353862
64633161386361393766396337633339383639313638656132313139376462633933393764656632
62613361306539346334343535336232653032626637656238333161353036373738393836363032
64336339356436616432656338313930643931363038353039616534383939623462616363663963
35636132646164303934386434323436386433373331633638616165656562636366373638363163
37636432386634653636636266643166343137396264663236626564356230633837333432366363
32323335343535653335336533393636646230323035363066353835386664643430393531356362
35663564383533616636326437623934386665313436383838396362663261326431306262393366
3534
